[R1, R2, R3] = robot();
q_ref = [0 0 0 0 0 0];

%Trayectoria del robot 1
%------------------------
P0 = [1.9; 0; 0.5];
T0 = rpy2r(180, 30, 180, 'deg');
T0 = [T0 P0
      0 0 0 1];

P1 = [1.9; 0; 0.3];
T1 = rpy2r(180, 30, 180, 'deg');
T1 = [T1 P1
      0 0 0 1];
  
P2 = [0; 1.9; 0.80];
T2 = [0 1 0
      0 0 1
      1 0 0];
T2 = [T2 P2
      0 0 0 1];

P3 = [0; 2.4; 0.80];
T3 = [0 1 0
      0 0 1
      1 0 0];
T3 = [T3 P3
      0 0 0 1];

P4 = [0; 2.4; 0.60];
T4 = [0 1 0
      0 0 1
      1 0 0];
T4 = [T4 P4
      0 0 0 1]; 
 


%Trayectoria del robot 2
%------------------------
P2_0 = [0; 2.8; 0.80];
T2_0 = [0 -1 0
       0 0 -1
       1 0 0];
T2_0 = [T2_0 P2_0
      0 0 0 1];

P2_1 = [0; 2.4; 0.80];
T2_1 = [0 -1 0
       0 0 -1
       1 0 0];
T2_1 = [T2_1 P2_1
      0 0 0 1];

P2_2 = [0; 2.4; 0.60];
T2_2 = [0 -1 0
       0 0 -1
       1 0 0];
T2_2 = [T2_2 P2_2
      0 0 0 1];

P2_3 = [-1;4;0.6];
T2_3 = [0 0 -1
        0 1 0
        1 0 0];
T2_3 = [T2_3 P2_3
       0 0 0 1]; %Punto intermedio de posicionamiento para que no se descontrole la posiciˇn del robot

P2_4 = [-0.5;5.5;0.7];
T2_4 = [0 1 0
        0 0 1
        1 0 0];
T2_4 = [T2_4 P2_4
       0 0 0 1];

P2_5 = [-0.5; 5.8; 0.7];
T2_5 = [0 1 0
        0 0 1
        1 0 0];
T2_5 = [T2_5 P2_5
       0 0 0 1];

P2_6 = [-0.5; 5.8; 0.5];
T2_6 = [0 1 0
        0 0 1
        1 0 0];
T2_6 = [T2_6 P2_6
       0 0 0 1];
   

%Trayectoria del robot 3
%------------------------
P3_0 = [-0.5; 6.2; 0.7];
T3_0 = [0 -1 0
        0 0 -1
        1 0 0];
T3_0 = [T3_0 P3_0
        0 0 0 1];
   
P3_1 = [-0.5; 5.8; 0.7];
T3_1 = [0 -1 0
        0 0 -1
        1 0 0];
T3_1 = [T3_1 P3_1
        0 0 0 1];
 
P3_2 = [-0.5; 5.8; 0.5];
T3_2 = [0 -1 0
        0 0 -1
        1 0 0];
T3_2 = [T3_2 P3_2
        0 0 0 1];

P3_3 = [-1.2; 6.7; 0.7];
T3_3 = [0 0 -1
        0 1 0
        1 0 0];
T3_3 = [T3_3 P3_3
        0 0 0 1];
  
P3_4 = [-1.2; 6.7; 0.5];
T3_4 = [0 0 -1
        0 1 0
        1 0 0];
T3_4 = [T3_4 P3_4
        0 0 0 1];
